<?xml version="1.0"?>
<opencv_storage>
<intrinsics type_id="opencv-matrix">
  <rows>3</rows>
  <cols>3</cols>
  <dt>d</dt>
  <data>
    6.2248257246523440e+02 0. 3.4404913091808970e+02 0.
    6.2080178323706139e+02 2.4268910573799388e+02 0. 0. 1.</data></intrinsics>
<distCoeffs type_id="opencv-matrix">
  <rows>1</rows>
  <cols>5</cols>
  <dt>d</dt>
  <data>
    1.5540387811602349e-01 -7.7440687548089981e-01
    -3.1471957469236555e-03 4.1236626315991447e-03
    1.5253860590450432e+00</data></distCoeffs>
</opencv_storage>
